142.439423
129.697784
122.358788
131.856384
117.244926
117.328896
117.968895
116.557823
117.616638
117.540863
116.799484
118.857727
117.597183
117.940224
117.305344
116.369408
118.234116
116.579330
118.975487
117.876740
116.414467
118.350845
117.082115
115.591171
118.831100
115.850243
132.049927
117.606400
116.135933
117.935104
116.412415
116.346878
120.137726
117.164032
118.766594
116.692993
116.652031
119.415810
118.122498
116.401154
118.765572
116.164604
117.934082
120.736771
116.816895
119.324669
116.636673
116.167679
118.842369
116.013054
115.468285
118.929405
116.892670
119.640060
118.501373
115.182594
119.585793
115.808258
117.563393
118.221825
118.040573
117.430275
117.399551
116.862976
117.072899
117.024765
120.439812
116.958206
116.478973
119.064575
119.144447
118.097923
119.555069
115.992577
117.699585
116.621315
117.233665
116.897789
115.731453
118.261757
118.077438
116.364288
117.977089
116.396034
117.086205
117.063683
115.666946
116.025345
116.646912
115.816444
116.491264
117.965820
118.544380
117.489662
117.224449
116.920319
117.794815
117.160957
118.267906
121.868286
118.609917
117.618690
115.818497
118.195198
117.498878
117.169151
116.411392
117.266434
117.757950
116.919296
115.784706
116.988930
117.108734
116.132866
115.791870
117.532669
117.014526
129.304581
117.361664
119.534592
118.157310
118.388733
119.062531
118.324226
117.335037
117.555199
116.905983
118.729729
117.921791
118.341629
118.328323
117.864449
120.539139
118.151169
118.125565
118.547455
123.099136
120.812546
119.525375
117.748734
119.382019
117.338112
117.366783
118.168579
117.285889
117.896194
120.757248
117.621758
119.379967
118.711296
117.741570
118.181885
119.165955
117.651459
120.022018
117.488640
122.386429
120.416260
117.058563
118.029312
119.378944
117.190659
121.083900
121.786369
120.914948
120.710144
116.214783
117.243904
116.761597
118.782974
117.739517
117.339134
117.987328
118.777855
116.688896
117.985283
118.189056
118.280190
117.897217
118.174721
119.519234
118.676483
121.827332
119.992317
121.379837
121.562111
118.050819
117.120003
117.665794
119.549950
117.645309
118.279167
118.317055
121.280510
121.555969
117.663742
118.712318
119.091202
116.571136
118.687744
128.498688
118.199295
117.094398
117.343231
119.639038
119.408638
117.530624
118.637566
118.952957
118.381569
117.963776
117.429245
119.503876
118.956032
117.975037
118.696960
118.551552
117.720062
116.836349
118.673409
118.872063
118.721504
118.340607
117.625854
118.169601
117.051392
117.580803
116.943871
117.691391
119.912445
117.653503
118.280190
118.529022
119.624702
120.387581
120.263680
119.279617
118.655998
117.271553
118.080513
116.632576
117.507072
117.652481
117.562370
119.474174
117.639168
118.808578
120.966141
121.836540
121.511932
116.971519
120.255486
118.545410
118.054909
119.185410
117.565437
118.806526
118.290436
117.243904
118.195198
120.375298
116.917252
119.896065
116.979713
117.587967
117.130241
117.808128
118.696960
117.694466
117.281792
119.036926
118.390785
117.474304
117.686272
118.301697
119.061501
117.060608
118.200317
119.511040
117.814270
117.707779
117.814270
118.035454
120.084480
116.356094
119.097343
117.106689
116.910080
118.324226
117.166077
118.989822
118.900734
117.626877
117.950462
117.616638
117.796867
120.238083
117.141502
117.830658
120.086525
116.913155
118.551552
117.234688
117.756927
119.622658
117.372925
118.802429
118.995972
116.550659
117.750786
117.315582
117.664764
118.739967
116.317184
123.871231
117.763069
117.467133
117.417984
119.642113
122.435585
121.129982
121.586685
120.194046
118.083588
120.246269
117.142525
118.421501
117.363708
119.477249
122.284035
126.356483
122.897408
118.344704
121.203712
121.827332
119.717888
120.541183
119.779327
120.946686
119.397377
122.634239
120.064003
119.718910
116.901886
116.832253
117.994499
120.915970
118.536194
117.146622
118.822914
117.888000
116.242432
117.823486
118.118401
117.242882
119.089149
117.971970
117.095421
118.849533
116.478973
117.734398
119.070717
117.606400
118.408195
117.303299
118.170624
118.834175
118.973442
118.590462
116.849663
117.271553
118.637566
116.393982
118.136833
118.618111
117.809151
117.600258
116.508675
118.073341
118.042625
117.399551
116.942848
116.833282
117.409790
118.673409
117.381119
120.819710
119.307266
117.177345
118.765572
117.450752
116.816895
118.522881
119.818237
118.421501
118.336510
117.516289
117.655556
117.790718
118.947838
118.277122
116.500481
120.418304
117.400574
117.496834
118.347778
117.639168
118.533119
118.025215
116.971519
118.721535
117.610497
116.831230
117.666817
116.414467
120.923134
124.879875
117.826561
119.314430
119.800835
116.293633
118.616066
117.794815
118.351875
118.973442
117.296127
118.317055
118.258690
116.729858
117.082115
117.500931
118.028290
118.689789
116.241409
117.886978
118.767616
117.649406
118.024162
116.925438
119.374847
117.925888
118.212608
118.258690
118.049789
117.838844
119.070717
118.760445
118.299644
118.354942
117.364738
119.667709
117.456894
118.398979
117.221375
118.207489
116.718590
116.946945
116.924416
118.514687
116.770813
118.969345
118.087677
120.156158
117.681152
117.920769
117.321732
117.690369
117.031937
117.889023
118.351875
118.687744
118.212608
117.080063
117.992447
117.547005
116.779007
117.995522
117.256195
118.060036
119.208961
117.772285
119.885826
117.432320
120.377342
117.981186
117.008385
117.722115
118.032387
116.186111
119.615486
117.595139
117.996544
116.912125
117.467133
119.009277
117.506050
120.172546
120.672256
121.762817
117.380096
